0 VANGUARD 2
1    11U 59001A   22053.83197560  .00000847  00000-0  45179-3 0  9996
2    11  32.8647 264.6509 1466352 126.0358 248.5175 11.85932318689790
0 VANGUARD 3
1 00020U 59007A   22053.60170665  .00000832  00000-0  32375-3 0  9992
2 00020  33.3540 150.1993 1666456 290.4879  52.4980 11.56070084301793
0 EXPLORER 7
1 00022U 59009A   22053.49750630  .00000970  00000-0  93426-4 0  9997
2 00022  50.2831  94.4956 0136813  90.0531 271.6094 14.96180956562418
0 TIROS 1
1    29U 60002B   22053.73599453  .00000075  00000-0  41992-4 0  9997
2    29  48.3791 284.6069 0024160 344.1103  15.9048 14.74533417309456
0 TRANSIT 2A
1    45U 60007A   22053.78590077  .00000201  00000-0  76203-4 0  9992
2    45  66.6938 199.2201 0260624 228.7924 129.0448 14.33783651210919
